# Conda environment: factory-vision-ort-gpu
# Generated: 2026-07-13T10:27:05.0425072+08:00

# conda list --export
# This file may be used to create an environment using:
# $ conda create --name <env> --file <this file>
# platform: win-64
# created-by: conda 24.11.3
bzip2=1.0.8=h2bbff1b_6
ca-certificates=2026.6.17=h4c7d964_0
coloredlogs=15.0.1=pypi_0
cuda-cudart=12.8.90=0
cuda-cudart_win-64=12.8.90=0
cuda-libraries=12.8.2=0
cuda-nvrtc=12.8.93=0
cuda-opencl=12.8.90=0
cuda-runtime=12.8.2=0
cuda-version=12.8=3
cudnn=9.14.0.64=hef0acbb_0
flatbuffers=25.12.19=pypi_0
humanfriendly=10.0=pypi_0
khronos-opencl-icd-loader=2024.10.24=h2466b09_1
libcublas=12.8.5.5=h7203ec1_0
libcudnn=9.14.0.64=hef0acbb_0
libcudnn-dev=9.14.0.64=hef0acbb_0
libcufft=11.3.3.83=0
libcurand=10.3.9.90=0
libcusolver=11.7.3.90=0
libcusparse=12.5.8.93=0
libexpat=2.8.2=hd7fb8db_1
libffi=3.4.8=h42d73b9_3
libnpp=12.3.3.100=0
libnvfatbin=12.8.90=0
libnvjitlink=12.8.93=1
libnvjpeg=12.3.5.92=0
libzlib=1.3.2=h1c6eee0_0
ml-dtypes=0.5.4=pypi_0
mpmath=1.3.0=pypi_0
numpy=2.4.6=pypi_0
onnx=1.22.0=pypi_0
onnxruntime-gpu=1.19.2=pypi_0
opencl-headers=2025.06.13=h826ebb9_0
opencv-python-headless=5.0.0.93=pypi_0
openssl=3.6.3=hf411b9b_0
packaging=26.0=py311haa95532_0
pip=26.1.2=pyhc872135_0
protobuf=7.35.1=pypi_0
psutil=7.2.2=pypi_0
pyreadline3=3.5.6=pypi_0
python=3.11.15=hb00fc5c_1
setuptools=82.0.1=py311haa95532_0
sqlite=3.53.2=hee5a0db_0
sympy=1.14.0=pypi_0
tk=8.6.15=hf199647_0
typing-extensions=4.16.0=pypi_0
tzdata=2026b=he532380_0
ucrt=10.0.22621.0=haa95532_0
vc=14.3=h2df5915_12
vc14_runtime=14.44.35208=h4927774_12
vs2015_runtime=14.44.35208=ha6b5a95_12
wheel=0.47.0=py311haa95532_0
xz=5.8.2=h53af0af_0
zlib=1.3.2=h1c6eee0_0

# pip freeze
coloredlogs==15.0.1
flatbuffers==25.12.19
humanfriendly==10.0
ml_dtypes==0.5.4
mpmath==1.3.0
numpy==2.4.6
onnx==1.22.0
onnxruntime-gpu==1.19.2
opencv-python-headless==5.0.0.93
packaging==26.0
protobuf==7.35.1
psutil==7.2.2
pyreadline3==3.5.6
sympy==1.14.0
typing_extensions==4.16.0
